10
0  7 11  7  6  2  8 14 10 11
7  0  9  7  6 17  7 13  0 15
11  9  0  9  2  6  8 13  2  5
7  7  9  0  9 11  5  2  0 17
6  6  2  9  0  3 11  8  6  9
2 17  6 11  3  0  7 10 14  0
8  7  8  5 11  7  0 16  8  2
14 13 13  2  8 10 16  0 11 17
10  0  2  0  6 14  8 11  0  3
11 15  5 17  9  0  2 17  3  0